# Created by Octave 3.8.1, Sat Jul 05 22:19:37 2014 BRT <beltzac@Glados>
# name: cc
# type: scalar struct
# ndims: 2
 1 1
# length: 5
# name: datatype
# type: sq_string
# elements: 1
# length: 26
classifier:statistical:lda


# name: Labels
# type: range
# base, limit, increment
1 5 1


# name: MD
# type: matrix
# ndims: 3
 17 17 5
 43
 11008
 11008
 11008
 11008
 11008
 11008
 11008
 11008
 11008
 11008
 11008
 11008
 11008
 11008
 11008
 11008
 11008
 2818048
 2818048
 2818048
 2818048
 2818048
 2818048
 2818048
 2818048
 2818048
 2818048
 2818048
 2818048
 2818048
 2818048
 2818048
 2818048
 11008
 2818048
 2818048
 2818048
 2818048
 2818048
 2818048
 2818048
 2818048
 2818048
 2818048
 2818048
 2818048
 2818048
 2818048
 2818048
 2818048
 11008
 2818048
 2818048
 2818048
 2818048
 2818048
 2818048
 2818048
 2818048
 2818048
 2818048
 2818048
 2818048
 2818048
 2818048
 2818048
 2818048
 11008
 2818048
 2818048
 2818048
 2818048
 2818048
 2818048
 2818048
 2818048
 2818048
 2818048
 2818048
 2818048
 2818048
 2818048
 2818048
 2818048
 11008
 2818048
 2818048
 2818048
 2818048
 2818048
 2818048
 2818048
 2818048
 2818048
 2818048
 2818048
 2818048
 2818048
 2818048
 2818048
 2818048
 11008
 2818048
 2818048
 2818048
 2818048
 2818048
 2818048
 2818048
 2818048
 2818048
 2818048
 2818048
 2818048
 2818048
 2818048
 2818048
 2818048
 11008
 2818048
 2818048
 2818048
 2818048
 2818048
 2818048
 2818048
 2818048
 2818048
 2818048
 2818048
 2818048
 2818048
 2818048
 2818048
 2818048
 11008
 2818048
 2818048
 2818048
 2818048
 2818048
 2818048
 2818048
 2818048
 2818048
 2818048
 2818048
 2818048
 2818048
 2818048
 2818048
 2818048
 11008
 2818048
 2818048
 2818048
 2818048
 2818048
 2818048
 2818048
 2818048
 2818048
 2818048
 2818048
 2818048
 2818048
 2818048
 2818048
 2818048
 11008
 2818048
 2818048
 2818048
 2818048
 2818048
 2818048
 2818048
 2818048
 2818048
 2818048
 2818048
 2818048
 2818048
 2818048
 2818048
 2818048
 11008
 2818048
 2818048
 2818048
 2818048
 2818048
 2818048
 2818048
 2818048
 2818048
 2818048
 2818048
 2818048
 2818048
 2818048
 2818048
 2818048
 11008
 2818048
 2818048
 2818048
 2818048
 2818048
 2818048
 2818048
 2818048
 2818048
 2818048
 2818048
 2818048
 2818048
 2818048
 2818048
 2818048
 11008
 2818048
 2818048
 2818048
 2818048
 2818048
 2818048
 2818048
 2818048
 2818048
 2818048
 2818048
 2818048
 2818048
 2818048
 2818048
 2818048
 11008
 2818048
 2818048
 2818048
 2818048
 2818048
 2818048
 2818048
 2818048
 2818048
 2818048
 2818048
 2818048
 2818048
 2818048
 2818048
 2818048
 11008
 2818048
 2818048
 2818048
 2818048
 2818048
 2818048
 2818048
 2818048
 2818048
 2818048
 2818048
 2818048
 2818048
 2818048
 2818048
 2818048
 11008
 2818048
 2818048
 2818048
 2818048
 2818048
 2818048
 2818048
 2818048
 2818048
 2818048
 2818048
 2818048
 2818048
 2818048
 2818048
 2818048
 16
 3660
 3817
 2630
 2123
 2192
 2132
 1973
 3838
 1214
 1715
 2020
 4078
 3633
 3208
 1621
 1696
 3660
 903056
 876288
 584996
 479148
 527208
 479068
 457584
 885796
 304308
 388400
 462880
 934656
 896060
 738044
 360932
 376400
 3817
 876288
 912593
 632410
 506210
 529934
 510920
 467750
 911104
 288529
 409792
 485633
 973086
 869578
 758239
 381371
 407473
 2630
 584996
 632410
 459246
 350293
 374863
 363416
 310994
 609927
 184019
 285506
 345989
 670438
 579550
 498852
 250536
 295882
 2123
 479148
 506210
 350293
 284895
 288043
 283482
 260933
 509323
 159419
 228517
 268325
 540919
 476085
 426418
 216342
 226078
 2192
 527208
 529934
 374863
 288043
 333008
 299967
 261337
 510040
 167190
 237584
 291654
 559979
 521679
 411702
 197084
 244074
 2132
 479068
 510920
 363416
 283482
 299967
 293420
 257024
 499441
 156118
 229368
 276161
 543416
 474915
 412971
 207941
 236017
 1973
 457584
 467750
 310994
 260933
 261337
 257024
 250971
 483669
 158218
 208904
 241361
 502709
 454624
 411824
 210504
 200787
 3838
 885796
 911104
 609927
 509323
 510040
 499441
 483669
 939102
 301177
 409025
 472184
 977920
 880423
 795119
 404810
 391757
 1214
 304308
 288529
 184019
 159419
 167190
 156118
 158218
 301177
 111550
 124570
 147227
 309881
 303054
 260158
 130639
 118185
 1715
 388400
 409792
 285506
 228517
 237584
 229368
 208904
 409025
 124570
 187255
 219097
 437056
 384898
 337320
 168936
 185396
 2020
 462880
 485633
 345989
 268325
 291654
 276161
 241361
 472184
 147227
 219097
 265392
 515338
 458874
 385196
 189606
 225232
 4078
 934656
 973086
 670438
 540919
 559979
 543416
 502709
 977920
 309881
 437056
 515338
 1039466
 927760
 816913
 412188
 432478
 3633
 896060
 869578
 579550
 476085
 521679
 474915
 454624
 880423
 303054
 384898
 458874
 927760
 889855
 734714
 359372
 372746
 3208
 738044
 758239
 498852
 426418
 411702
 412971
 411824
 795119
 260158
 337320
 385196
 816913
 734714
 685768
 355803
 317487
 1621
 360932
 381371
 250536
 216342
 197084
 207941
 210504
 404810
 130639
 168936
 189606
 412188
 359372
 355803
 191143
 156659
 1696
 376400
 407473
 295882
 226078
 244074
 236017
 200787
 391757
 118185
 185396
 225232
 432478
 372746
 317487
 156659
 196610
 39
 7881
 2925
 2522
 7873
 4517
 9379
 9284
 4313
 6204
 9984
 9984
 6470
 5782
 9955
 9984
 6906
 7881
 1628019
 592634
 523383
 1594997
 931194
 1895687
 1865860
 869147
 1283434
 2017536
 2017536
 1301261
 1193817
 2015032
 2017536
 1385843
 2925
 592634
 250651
 211421
 590135
 335848
 689427
 684063
 332308
 454076
 748800
 748800
 482890
 427949
 745457
 748800
 519952
 2522
 523383
 211421
 189050
 514010
 297150
 596057
 585924
 284196
 406078
 645632
 645632
 415469
 379739
 644243
 645632
 445310
 7873
 1594997
 590135
 514010
 1600075
 913877
 1893584
 1870805
 869839
 1258548
 2015488
 2015488
 1305296
 1171094
 2010179
 2015488
 1391820
 4517
 931194
 335848
 297150
 913877
 538171
 1090759
 1072760
 498185
 738769
 1156352
 1156352
 745875
 685660
 1155141
 1156352
 794013
 9379
 1895687
 689427
 596057
 1893584
 1090759
 2265537
 2240301
 1034274
 1499963
 2401024
 2401024
 1556203
 1396303
 2394864
 2401024
 1658978
 9284
 1865860
 684063
 585924
 1870805
 1072760
 2240301
 2221694
 1024670
 1472635
 2376704
 2376704
 1542099
 1372950
 2369380
 2376704
 1645105
 4313
 869147
 332308
 284196
 869839
 498185
 1034274
 1024670
 481933
 682299
 1104128
 1104128
 715351
 637292
 1100421
 1104128
 765187
 6204
 1283434
 454076
 406078
 1258548
 738769
 1499963
 1472635
 682299
 1024132
 1588224
 1588224
 1025478
 947005
 1587312
 1588224
 1089969
 9984
 2017536
 748800
 645632
 2015488
 1156352
 2401024
 2376704
 1104128
 1588224
 2555904
 2555904
 1656320
 1480192
 2548480
 2555904
 1767936
 9984
 2017536
 748800
 645632
 2015488
 1156352
 2401024
 2376704
 1104128
 1588224
 2555904
 2555904
 1656320
 1480192
 2548480
 2555904
 1767936
 6470
 1301261
 482890
 415469
 1305296
 745875
 1556203
 1542099
 715351
 1025478
 1656320
 1656320
 1076642
 955274
 1651012
 1656320
 1148936
 5782
 1193817
 427949
 379739
 1171094
 685660
 1396303
 1372950
 637292
 947005
 1480192
 1480192
 955274
 880862
 1478812
 1480192
 1016331
 9955
 2015032
 745457
 644243
 2010179
 1155141
 2394864
 2369380
 1100421
 1587312
 2548480
 2548480
 1651012
 1478812
 2541477
 2548480
 1761759
 9984
 2017536
 748800
 645632
 2015488
 1156352
 2401024
 2376704
 1104128
 1588224
 2555904
 2555904
 1656320
 1480192
 2548480
 2555904
 1767936
 6906
 1385843
 519952
 445310
 1391820
 794013
 1658978
 1645105
 765187
 1089969
 1767936
 1767936
 1148936
 1016331
 1761759
 1767936
 1228590
 43
 7755
 3480
 3356
 8630
 5196
 10047
 10231
 5038
 6604
 11008
 8967
 7087
 6649
 10991
 4112
 2641
 7755
 1450531
 607391
 593207
 1552773
 964201
 1837690
 1856336
 910258
 1230288
 1985280
 1614738
 1271635
 1237039
 1982160
 727521
 476291
 3480
 607391
 350666
 327420
 726213
 396408
 748715
 784714
 408059
 490285
 890880
 740518
 574123
 492666
 889433
 351742
 223739
 3356
 593207
 327420
 312846
 699467
 388950
 733654
 761706
 394647
 484151
 859136
 712486
